10,134
10,187
10,106
10,307
10,208
10,1
10,286
10,2
10,3
11,16
11,14
11,13
11,24
11,18
11,10
11,23
11,1
11,8
11,2
11,3
114,1
9,5
114,0
113,3
113,2
113,1
9,1
113,0
111,3
111,2
111,1
9,7
111,0
110,5
9,2
110,4
110,3
110,2
110,1
9,3
110,0
109,9
109,8
109,7
109,6
109,5
109,4
109,3
109,2
109,1
109,0
108,3
108,2
108,1
8,11
108,0
107,6
107,5
107,4
107,3
8,12
107,2
107,1
8,13
107,0
106,3
106,2
106,1
8,14
106,0
105,3
105,2
105,1
105,0
104,2
104,0
103,3
103,2
103,1
103,0
102,4
102,3
102,2
102,1
102,0
101,5
101,4
101,3
101,2
101,1
101,0
100,5
100,4
100,3
100,2
100,1
100,0
99,5
99,4
99,3
99,2
99,1
99,0
98,5
98,4
98,3
98,2
98,1
98,0
97,5
97,4
97,3
97,2
97,1
97,0
96,4
96,3
96,2
96,1
96,0
95,4
95,3
95,2
95,1
95,0
94,5
94,4
94,3
94,2
